mae: 7.432300595983172
MSELoss: 0.886828325688839
mean_pred: 0.2924947366118431
std_pred: 0.021057509060483426
mean_targets: 0.020800774917006493
std_targets: 0.8225512523204088
