mae: 9.200281940410749
MSELoss: 1.2468048706650734
mean_pred: 0.2915887348353863
std_pred: 0.020061486691702157
mean_targets: 0.024394518695771694
std_targets: 1.0661509782075882
